 1 1 1 1 1
 1-1-1-1 1
 1 1 1 1 1
 1-1-1-1 1
 1-1-1-1 1
__________
1 1 1 1 -1
1 -1 -1 -1 1
1 1 1 1 -1
1 -1 -1 -1 1
1 1 1 1 -1
__________
1 1 1 1 1
1 -1 -1 -1 -1
1 -1 -1 -1 -1
1 -1 -1 -1 -1
1 1 1 1 1
__________
1 1 1 1 -1
1 -1 -1 -1 1
1 -1 -1 -1 1
1 -1 -1 -1 1
1 1 1 1 -1
__________
1 1 1 1 1
1 -1 -1 -1 -1
1 1 1 1 1
1 -1 -1 -1 -1
1 1 1 1 1
__________
1 1 1 1 1
1 -1 -1 -1 -1
1 1 1 -1 -1
1 -1 -1 -1 -1
1 -1 -1 -1 -1
 __________
-1 1 1 1 1
1 -1 -1 -1 -1
1 -1 1 1 1
1 -1 -1 -1 1
1 1 1 1 -1
 __________
1 -1 -1 -1 1
1 -1 -1 -1 1
1 1 1 1 1
1 -1 -1 -1 1
1 -1 -1 -1 1
 __________
-1 1 1 1 -1
-1 -1 1 -1 -1
-1 -1 1 -1 -1
-1 -1 1 -1 -1
-1 1 1 1 -1
 __________
1 1 1 1 1
-1 -1 -1 1 -1
-1 -1 -1 1 -1
-1 -1 -1 1 -1
1 1 1 -1 -1